3.140207338225608424e+01
4.045074351942807311e+01
4.935130301743099324e+01
5.696320549052862958e+01
6.570712372099137610e+01
7.264981136810348517e+01
8.106489416804429027e+01
8.857176701796792884e+01
9.752904598644542489e+01
1.009078187560906770e+02
2.941977423632566868e+01
3.762153080341366262e+01
4.500278648383348923e+01
5.355020467397774553e+01
5.780238434251979385e+01
6.282994373739025207e+01
7.002186417085370351e+01
7.621152406131092505e+01
7.877094724601981568e+01
8.222158477558448908e+01
2.792239472764093833e+01
3.448171231964180095e+01
4.139071494848595023e+01
4.842067212675983257e+01
5.356037171855695078e+01
5.868775955948989065e+01
6.042592388944493820e+01
6.599062623895743229e+01
6.869153835412670617e+01
7.155732708031767686e+01
2.630297308216218610e+01
3.168985471590447034e+01
3.781234262351745912e+01
4.288136596186397753e+01
4.703544619069021593e+01
5.268470623564754618e+01
5.602694340752767488e+01
5.764642912440442757e+01
6.489069987292904784e+01
6.251212891538519045e+01
2.445725356224193803e+01
3.027895523313965143e+01
3.558288033956020513e+01
3.869177456584281316e+01
4.377169638388444639e+01
4.470412395500564173e+01
4.765800871767532954e+01
5.315586995867951003e+01
5.257664810470222250e+01
5.641248299756991713e+01
2.287603091721454263e+01
2.788781693054198030e+01
3.138271397667785578e+01
3.552287070610119457e+01
3.832359355970537962e+01
3.973140104931617600e+01
4.260039041372373703e+01
4.423036586113659752e+01
4.804263351607836086e+01
4.679072587778480141e+01
